66666666666666616666666666666666
55555555555555515555555555555555
66666666666667616666666666666676
55555555555755515555555555857555
66666666676666616666666666766666
55555555555555515555555555555555
66666666666666616666666666666666
51111111111111111111111111111115
66666661666666666666666166666666
55555551555555555555555155555555
66666661666666766666666166666667
55555551555575555585555155555755
66666661667666666666666166676666
55555551555555555555555155555555
66666661666666666666666166666666
51111111111111111111111111111115
66666666666666616666666666666666
55555555555555515555555555555555
66666666666666616666666666666666
55555555558557515555555555555575
66666666666766616666666666667666
55555555555555515555555555555555
66666666666666616666666666666666
51111111111111111111111111111115
66666661666666666666666166666666
55555551555555555555555155555555
66666661666666667666666166666666
55855551555555755555555155555558
66666661666676666666666166666766
55555551555555555555555155555555
66666661666666666666666166666666
55555551555555555555555155555555
